86 92 120/80 
88 91.5
88 91.3
87
85 89.4
84 89.0 122/81
85 89.3
88 91.5
86 92 120/80 
88 0
88 0
87 0
85 89.4
84 84.3 122/81
85 79.2
88 71.5
90
92 53.2 124/82
90 42.1
89 39.5
88
90 35.3
87 31.3 123/81
85 60.3
84 75.8
83 88.9
83 
84 91.3
83 91.5 119/80
82 89.7

86 92 120/80 
88 91.5
88 91.3
87
85 89.4
84 89.0 122/81
85 89.3
88 91.5
90
92 91.3 124/82
90 92.5
89 89.9
88
90 91.5
87 89.2 123/81
85 87.2
84 91.1
83 120/79
83 91.2
84 92.3
83 91.5 119/80
82 89.7

86 92 120/80 
88 91.5
88 91.3
87
85 89.4
84 89.0 122/81
85 89.3
88 91.5
90
92 91.3 124/82
90 92.5
89 89.9
88
90 91.5
87 89.2 123/81
85 87.2
84 91.1
83 120/79
83 91.2
84 92.3
83 91.5 119/80
82 89.7